288 0 2 0
289 0 2 1
290 0 2 2
291 0 2 3
292 0 2 4
293 0 2 5
294 0 2 6
295 0 2 7
296 0 2 8
297 0 2 9
298 0 2 10
299 0 2 11
300 0 2 12
301 0 2 13
302 0 2 14
303 0 2 15
304 0 2 16
305 0 2 17
306 0 2 18
307 0 2 19
308 0 2 20
309 0 2 21
310 0 2 22
311 0 2 23
312 0 2 24
313 0 2 25
314 0 2 26
315 0 2 27
316 0 2 28
317 0 2 29
318 0 2 30
319 0 2 31
320 0 2 32
321 0 2 33
322 0 2 34
323 0 2 35
324 0 2 36
325 0 2 37
326 0 2 38
327 0 2 39
328 0 2 40
329 0 2 41
330 0 2 42
331 0 2 43
332 0 2 44
333 0 2 45
334 0 2 46
335 0 2 47
336 0 2 48
337 0 2 49
338 0 2 50
339 0 2 51
340 0 2 52
341 0 2 53
342 0 2 54
343 0 2 55
344 0 2 56
345 0 2 57
346 0 2 58
347 0 2 59
348 0 2 60
349 0 2 61
350 0 2 62
351 0 2 63
352 0 2 64
353 0 2 65
354 0 2 66
355 0 2 67
356 0 2 68
357 0 2 69
358 0 2 70
359 0 2 71
360 0 2 72
361 0 2 73
362 0 2 74
363 0 2 75
364 0 2 76
365 0 2 77
366 0 2 78
367 0 2 79
368 0 2 80
369 0 2 81
370 0 2 82
371 0 2 83
372 0 2 84
373 0 2 85
374 0 2 86
375 0 2 87
376 0 2 88
377 0 2 89
378 0 2 90
379 0 2 91
380 0 2 92
381 0 2 93
382 0 2 94
383 0 2 95
384 0 2 96
385 0 2 97
386 0 2 98
387 0 2 99
388 0 2 100
389 0 2 101
390 0 2 102
391 0 2 103
392 0 2 104
393 0 2 105
394 0 2 106
395 0 2 107
396 0 2 108
397 0 2 109
398 0 2 110
399 0 2 111
400 1 2 0
401 1 2 1
402 1 2 2
403 1 2 3
404 1 2 4
405 1 2 5
406 1 2 6
407 1 2 7
408 1 2 8
409 1 2 9
410 1 2 10
411 1 2 11
412 1 2 12
413 1 2 13
414 1 2 14
415 1 2 15
416 1 2 16
417 1 2 17
418 1 2 18
419 1 2 19
420 1 2 20
421 1 2 21
422 1 2 22
423 1 2 23
424 1 2 24
425 1 2 25
426 1 2 26
427 1 2 27
428 1 2 28
429 1 2 29
430 1 2 30
431 1 2 31
432 1 2 32
433 1 2 33
434 1 2 34
435 1 2 35
436 1 2 36
437 1 2 37
438 1 2 38
439 1 2 39
440 1 2 40
441 1 2 41
442 1 2 42
443 1 2 43
444 1 2 44
445 1 2 45
446 1 2 46
447 1 2 47
448 1 2 48
449 1 2 49
450 1 2 50
451 1 2 51
452 1 2 52
453 1 2 53
454 1 2 54
455 1 2 55
456 1 2 56
457 1 2 57
458 1 2 58
459 1 2 59
460 1 2 60
461 1 2 61
462 1 2 62
463 1 2 63
464 1 2 64
465 1 2 65
466 1 2 66
467 1 2 67
468 1 2 68
469 1 2 69
470 1 2 70
471 1 2 71
472 1 2 72
473 1 2 73
474 1 2 74
475 1 2 75
476 1 2 76
477 1 2 77
478 1 2 78
479 1 2 79
480 1 2 80
481 1 2 81
482 1 2 82
483 1 2 83
484 1 2 84
485 1 2 85
486 1 2 86
487 1 2 87
488 1 2 88
489 1 2 89
490 1 2 90
491 1 2 91
492 1 2 92
493 1 2 93
494 1 2 94
495 1 2 95
496 1 2 96
497 1 2 97
498 1 2 98
499 1 2 99
500 1 2 100
501 1 2 101
502 1 2 102
503 1 2 103
504 1 2 104
505 1 2 105
506 1 2 106
507 1 2 107
508 1 2 108
509 1 2 109
510 1 2 110
511 1 2 111
800 2 2 0
801 2 2 1
802 2 2 2
803 2 2 3
804 2 2 4
805 2 2 5
806 2 2 6
807 2 2 7
808 2 2 8
809 2 2 9
810 2 2 10
811 2 2 11
812 2 2 12
813 2 2 13
814 2 2 14
815 2 2 15
816 2 2 16
817 2 2 17
818 2 2 18
819 2 2 19
820 2 2 20
821 2 2 21
822 2 2 22
823 2 2 23
824 2 2 24
825 2 2 25
826 2 2 26
827 2 2 27
828 2 2 28
829 2 2 29
830 2 2 30
831 2 2 31
832 2 2 32
833 2 2 33
834 2 2 34
835 2 2 35
836 2 2 36
837 2 2 37
838 2 2 38
839 2 2 39
840 2 2 40
841 2 2 41
842 2 2 42
843 2 2 43
844 2 2 44
845 2 2 45
846 2 2 46
847 2 2 47
848 2 2 48
849 2 2 49
850 2 2 50
851 2 2 51
852 2 2 52
853 2 2 53
854 2 2 54
855 2 2 55
856 2 2 56
857 2 2 57
858 2 2 58
859 2 2 59
860 2 2 60
861 2 2 61
862 2 2 62
863 2 2 63
864 2 2 64
865 2 2 65
866 2 2 66
867 2 2 67
868 2 2 68
869 2 2 69
870 2 2 70
871 2 2 71
872 2 2 72
873 2 2 73
874 2 2 74
875 2 2 75
876 2 2 76
877 2 2 77
878 2 2 78
879 2 2 79
880 2 2 80
881 2 2 81
882 2 2 82
883 2 2 83
884 2 2 84
885 2 2 85
886 2 2 86
887 2 2 87
888 2 2 88
889 2 2 89
890 2 2 90
891 2 2 91
892 2 2 92
893 2 2 93
894 2 2 94
895 2 2 95
896 2 2 96
897 2 2 97
898 2 2 98
899 2 2 99
900 2 2 100
901 2 2 101
902 2 2 102
903 2 2 103
904 2 2 104
905 2 2 105
906 2 2 106
907 2 2 107
908 2 2 108
909 2 2 109
910 2 2 110
911 2 2 111
912 3 2 0
913 3 2 1
914 3 2 2
915 3 2 3
916 3 2 4
917 3 2 5
918 3 2 6
919 3 2 7
920 3 2 8
921 3 2 9
922 3 2 10
923 3 2 11
924 3 2 12
925 3 2 13
926 3 2 14
927 3 2 15
928 3 2 16
929 3 2 17
930 3 2 18
931 3 2 19
932 3 2 20
933 3 2 21
934 3 2 22
935 3 2 23
936 3 2 24
937 3 2 25
938 3 2 26
939 3 2 27
940 3 2 28
941 3 2 29
942 3 2 30
943 3 2 31
944 3 2 32
945 3 2 33
946 3 2 34
947 3 2 35
948 3 2 36
949 3 2 37
950 3 2 38
951 3 2 39
952 3 2 40
953 3 2 41
954 3 2 42
955 3 2 43
956 3 2 44
957 3 2 45
958 3 2 46
959 3 2 47
960 3 2 48
961 3 2 49
962 3 2 50
963 3 2 51
964 3 2 52
965 3 2 53
966 3 2 54
967 3 2 55
968 3 2 56
969 3 2 57
970 3 2 58
971 3 2 59
972 3 2 60
973 3 2 61
974 3 2 62
975 3 2 63
976 3 2 64
977 3 2 65
978 3 2 66
979 3 2 67
980 3 2 68
981 3 2 69
982 3 2 70
983 3 2 71
984 3 2 72
985 3 2 73
986 3 2 74
987 3 2 75
988 3 2 76
989 3 2 77
990 3 2 78
991 3 2 79
992 3 2 80
993 3 2 81
994 3 2 82
995 3 2 83
996 3 2 84
997 3 2 85
998 3 2 86
999 3 2 87
1000 3 2 88
1001 3 2 89
1002 3 2 90
1003 3 2 91
1004 3 2 92
1005 3 2 93
1006 3 2 94
1007 3 2 95
1008 3 2 96
1009 3 2 97
1010 3 2 98
1011 3 2 99
1012 3 2 100
1013 3 2 101
1014 3 2 102
1015 3 2 103
1016 3 2 104
1017 3 2 105
1018 3 2 106
1019 3 2 107
1020 3 2 108
1021 3 2 109
1022 3 2 110
1023 3 2 111
1312 4 2 0
1313 4 2 1
1314 4 2 2
1315 4 2 3
1316 4 2 4
1317 4 2 5
1318 4 2 6
1319 4 2 7
1320 4 2 8
1321 4 2 9
1322 4 2 10
1323 4 2 11
1324 4 2 12
1325 4 2 13
1326 4 2 14
1327 4 2 15
1328 4 2 16
1329 4 2 17
1330 4 2 18
1331 4 2 19
1332 4 2 20
1333 4 2 21
1334 4 2 22
1335 4 2 23
1336 4 2 24
1337 4 2 25
1338 4 2 26
1339 4 2 27
1340 4 2 28
1341 4 2 29
1342 4 2 30
1343 4 2 31
1344 4 2 32
1345 4 2 33
1346 4 2 34
1347 4 2 35
1348 4 2 36
1349 4 2 37
1350 4 2 38
1351 4 2 39
1352 4 2 40
1353 4 2 41
1354 4 2 42
1355 4 2 43
1356 4 2 44
1357 4 2 45
1358 4 2 46
1359 4 2 47
1360 4 2 48
1361 4 2 49
1362 4 2 50
1363 4 2 51
1364 4 2 52
1365 4 2 53
1366 4 2 54
1367 4 2 55
1368 4 2 56
1369 4 2 57
1370 4 2 58
1371 4 2 59
1372 4 2 60
1373 4 2 61
1374 4 2 62
1375 4 2 63
1376 4 2 64
1377 4 2 65
1378 4 2 66
1379 4 2 67
1380 4 2 68
1381 4 2 69
1382 4 2 70
1383 4 2 71
1384 4 2 72
1385 4 2 73
1386 4 2 74
1387 4 2 75
1388 4 2 76
1389 4 2 77
1390 4 2 78
1391 4 2 79
1392 4 2 80
1393 4 2 81
1394 4 2 82
1395 4 2 83
1396 4 2 84
1397 4 2 85
1398 4 2 86
1399 4 2 87
1400 4 2 88
1401 4 2 89
1402 4 2 90
1403 4 2 91
1404 4 2 92
1405 4 2 93
1406 4 2 94
1407 4 2 95
1408 4 2 96
1409 4 2 97
1410 4 2 98
1411 4 2 99
1412 4 2 100
1413 4 2 101
1414 4 2 102
1415 4 2 103
1416 4 2 104
1417 4 2 105
1418 4 2 106
1419 4 2 107
1420 4 2 108
1421 4 2 109
1422 4 2 110
1423 4 2 111
1424 5 2 0
1425 5 2 1
1426 5 2 2
1427 5 2 3
1428 5 2 4
1429 5 2 5
1430 5 2 6
1431 5 2 7
1432 5 2 8
1433 5 2 9
1434 5 2 10
1435 5 2 11
1436 5 2 12
1437 5 2 13
1438 5 2 14
1439 5 2 15
1440 5 2 16
1441 5 2 17
1442 5 2 18
1443 5 2 19
1444 5 2 20
1445 5 2 21
1446 5 2 22
1447 5 2 23
1448 5 2 24
1449 5 2 25
1450 5 2 26
1451 5 2 27
1452 5 2 28
1453 5 2 29
1454 5 2 30
1455 5 2 31
1456 5 2 32
1457 5 2 33
1458 5 2 34
1459 5 2 35
1460 5 2 36
1461 5 2 37
1462 5 2 38
1463 5 2 39
1464 5 2 40
1465 5 2 41
1466 5 2 42
1467 5 2 43
1468 5 2 44
1469 5 2 45
1470 5 2 46
1471 5 2 47
1472 5 2 48
1473 5 2 49
1474 5 2 50
1475 5 2 51
1476 5 2 52
1477 5 2 53
1478 5 2 54
1479 5 2 55
1480 5 2 56
1481 5 2 57
1482 5 2 58
1483 5 2 59
1484 5 2 60
1485 5 2 61
1486 5 2 62
1487 5 2 63
1488 5 2 64
1489 5 2 65
1490 5 2 66
1491 5 2 67
1492 5 2 68
1493 5 2 69
1494 5 2 70
1495 5 2 71
1496 5 2 72
1497 5 2 73
1498 5 2 74
1499 5 2 75
1500 5 2 76
1501 5 2 77
1502 5 2 78
1503 5 2 79
1504 5 2 80
1505 5 2 81
1506 5 2 82
1507 5 2 83
1508 5 2 84
1509 5 2 85
1510 5 2 86
1511 5 2 87
1512 5 2 88
1513 5 2 89
1514 5 2 90
1515 5 2 91
1516 5 2 92
1517 5 2 93
1518 5 2 94
1519 5 2 95
1520 5 2 96
1521 5 2 97
1522 5 2 98
1523 5 2 99
1524 5 2 100
1525 5 2 101
1526 5 2 102
1527 5 2 103
1528 5 2 104
1529 5 2 105
1530 5 2 106
1531 5 2 107
1532 5 2 108
1533 5 2 109
1534 5 2 110
1535 5 2 111
1824 6 2 0
1825 6 2 1
1826 6 2 2
1827 6 2 3
1828 6 2 4
1829 6 2 5
1830 6 2 6
1831 6 2 7
1832 6 2 8
1833 6 2 9
1834 6 2 10
1835 6 2 11
1836 6 2 12
1837 6 2 13
1838 6 2 14
1839 6 2 15
1840 6 2 16
1841 6 2 17
1842 6 2 18
1843 6 2 19
1844 6 2 20
1845 6 2 21
1846 6 2 22
1847 6 2 23
1848 6 2 24
1849 6 2 25
1850 6 2 26
1851 6 2 27
1852 6 2 28
1853 6 2 29
1854 6 2 30
1855 6 2 31
1856 6 2 32
1857 6 2 33
1858 6 2 34
1859 6 2 35
1860 6 2 36
1861 6 2 37
1862 6 2 38
1863 6 2 39
1864 6 2 40
1865 6 2 41
1866 6 2 42
1867 6 2 43
1868 6 2 44
1869 6 2 45
1870 6 2 46
1871 6 2 47
1872 6 2 48
1873 6 2 49
1874 6 2 50
1875 6 2 51
1876 6 2 52
1877 6 2 53
1878 6 2 54
1879 6 2 55
1880 6 2 56
1881 6 2 57
1882 6 2 58
1883 6 2 59
1884 6 2 60
1885 6 2 61
1886 6 2 62
1887 6 2 63
1888 6 2 64
1889 6 2 65
1890 6 2 66
1891 6 2 67
1892 6 2 68
1893 6 2 69
1894 6 2 70
1895 6 2 71
1896 6 2 72
1897 6 2 73
1898 6 2 74
1899 6 2 75
1900 6 2 76
1901 6 2 77
1902 6 2 78
1903 6 2 79
1904 6 2 80
1905 6 2 81
1906 6 2 82
1907 6 2 83
1908 6 2 84
1909 6 2 85
1910 6 2 86
1911 6 2 87
1912 6 2 88
1913 6 2 89
1914 6 2 90
1915 6 2 91
1916 6 2 92
1917 6 2 93
1918 6 2 94
1919 6 2 95
1920 6 2 96
1921 6 2 97
1922 6 2 98
1923 6 2 99
1924 6 2 100
1925 6 2 101
1926 6 2 102
1927 6 2 103
1928 6 2 104
1929 6 2 105
1930 6 2 106
1931 6 2 107
1932 6 2 108
1933 6 2 109
1934 6 2 110
1935 6 2 111
1936 7 2 0
1937 7 2 1
1938 7 2 2
1939 7 2 3
1940 7 2 4
1941 7 2 5
1942 7 2 6
1943 7 2 7
1944 7 2 8
1945 7 2 9
1946 7 2 10
1947 7 2 11
1948 7 2 12
1949 7 2 13
1950 7 2 14
1951 7 2 15
1952 7 2 16
1953 7 2 17
1954 7 2 18
1955 7 2 19
1956 7 2 20
1957 7 2 21
1958 7 2 22
1959 7 2 23
1960 7 2 24
1961 7 2 25
1962 7 2 26
1963 7 2 27
1964 7 2 28
1965 7 2 29
1966 7 2 30
1967 7 2 31
1968 7 2 32
1969 7 2 33
1970 7 2 34
1971 7 2 35
1972 7 2 36
1973 7 2 37
1974 7 2 38
1975 7 2 39
1976 7 2 40
1977 7 2 41
1978 7 2 42
1979 7 2 43
1980 7 2 44
1981 7 2 45
1982 7 2 46
1983 7 2 47
1984 7 2 48
1985 7 2 49
1986 7 2 50
1987 7 2 51
1988 7 2 52
1989 7 2 53
1990 7 2 54
1991 7 2 55
1992 7 2 56
1993 7 2 57
1994 7 2 58
1995 7 2 59
1996 7 2 60
1997 7 2 61
1998 7 2 62
1999 7 2 63
2000 7 2 64
2001 7 2 65
2002 7 2 66
2003 7 2 67
2004 7 2 68
2005 7 2 69
2006 7 2 70
2007 7 2 71
2008 7 2 72
2009 7 2 73
2010 7 2 74
2011 7 2 75
2012 7 2 76
2013 7 2 77
2014 7 2 78
2015 7 2 79
2016 7 2 80
2017 7 2 81
2018 7 2 82
2019 7 2 83
2020 7 2 84
2021 7 2 85
2022 7 2 86
2023 7 2 87
2024 7 2 88
2025 7 2 89
2026 7 2 90
2027 7 2 91
2028 7 2 92
2029 7 2 93
2030 7 2 94
2031 7 2 95
2032 7 2 96
2033 7 2 97
2034 7 2 98
2035 7 2 99
2036 7 2 100
2037 7 2 101
2038 7 2 102
2039 7 2 103
2040 7 2 104
2041 7 2 105
2042 7 2 106
2043 7 2 107
2044 7 2 108
2045 7 2 109
2046 7 2 110
2047 7 2 111
