0 1769
1 1663
2 1768
3 1664
4 1767
5 1665
6 1766
7 1666
8 1765
9 1667
10 1764
11 1668
12 1763
13 1669
14 1762
15 1761
16 1760
17 1759
18 1672
19 1758
20 1673
21 1757
22 1674
23 1756
24 1675
25 1755
26 1676
27 1754
28 1677
29 1753
30 1678
31 1752
32 1670
33 2032
34 2033
35 2030
36 2031
37 2028
38 2029
39 2026
40 2027
41 2024
42 2025
43 2022
44 2023
45 2020
46 2021
47 1662
48 1679
49 2046
50 2047
51 2044
52 2045
53 2042
54 2043
55 2040
56 2041
57 2038
58 2039
59 2036
60 2037
61 2034
62 2035
63 1671
64 1778
65 1777
66 1654
67 1776
68 1655
69 1775
70 1656
71 1774
72 1657
73 1773
74 1658
75 1772
76 1659
77 1771
78 1660
79 1770
80 1787
81 1645
82 1786
83 1646
84 1785
85 1647
86 1784
87 1648
88 1783
89 1649
90 1782
91 1650
92 1781
93 1651
94 1780
95 1779
96 1661
97 2018
98 2019
99 2016
100 2017
101 2014
102 2015
103 2012
104 2013
105 2010
106 2011
107 2008
108 2009
109 2006
110 2007
111 1653
112 1652
113 2004
114 2005
115 2002
116 2003
117 2000
118 2001
119 1998
120 1999
121 1996
122 1997
123 1994
124 1995
125 1992
126 1993
127 1644
128 1805
129 1627
130 1804
131 1628
132 1803
133 1629
134 1802
135 1630
136 1801
137 1631
138 1800
139 1632
140 1799
141 1633
142 1798
143 1797
144 1796
145 1795
146 1636
147 1794
148 1637
149 1793
150 1638
151 1792
152 1639
153 1791
154 1640
155 1790
156 1641
157 1789
158 1642
159 1788
160 1634
161 1976
162 1977
163 1974
164 1975
165 1972
166 1973
167 1970
168 1971
169 1968
170 1969
171 1966
172 1967
173 1964
174 1965
175 1626
176 1643
177 1990
178 1991
179 1988
180 1989
181 1986
182 1987
183 1984
184 1985
185 1982
186 1983
187 1980
188 1981
189 1978
190 1979
191 1635
192 1814
193 1813
194 1618
195 1812
196 1619
197 1811
198 1620
199 1810
200 1621
201 1809
202 1622
203 1808
204 1623
205 1807
206 1624
207 1806
208 1823
209 1609
210 1822
211 1610
212 1821
213 1611
214 1820
215 1612
216 1819
217 1613
218 1818
219 1614
220 1817
221 1615
222 1816
223 1815
224 1625
225 1962
226 1963
227 1960
228 1961
229 1958
230 1959
231 1956
232 1957
233 1954
234 1955
235 1952
236 1953
237 1950
238 1951
239 1617
240 1616
241 1948
242 1949
243 1946
244 1947
245 1944
246 1945
247 1942
248 1943
249 1940
250 1941
251 1938
252 1939
253 1936
254 1937
255 1608
256 1697
257 1591
258 1696
259 1592
260 1695
261 1593
262 1694
263 1594
264 1693
265 1595
266 1692
267 1596
268 1691
269 1597
270 1690
271 1689
272 1688
273 1687
274 1600
275 1686
276 1601
277 1685
278 1602
279 1684
280 1603
281 1683
282 1604
283 1682
284 1605
285 1681
286 1606
287 1680
288 1598
289 1839
290 1838
291 1841
292 1840
293 1843
294 1842
295 1845
296 1844
297 1847
298 1846
299 1849
300 1848
301 1851
302 1850
303 1590
304 1607
305 1825
306 1824
307 1827
308 1826
309 1829
310 1828
311 1831
312 1830
313 1833
314 1832
315 1835
316 1834
317 1837
318 1836
319 1599
320 1706
321 1705
322 1582
323 1704
324 1583
325 1703
326 1584
327 1702
328 1585
329 1701
330 1586
331 1700
332 1587
333 1699
334 1588
335 1698
336 1715
337 1573
338 1714
339 1574
340 1713
341 1575
342 1712
343 1576
344 1711
345 1577
346 1710
347 1578
348 1709
349 1579
350 1708
351 1707
352 1589
353 1853
354 1852
355 1855
356 1854
357 1857
358 1856
359 1859
360 1858
361 1861
362 1860
363 1863
364 1862
365 1865
366 1864
367 1581
368 1580
369 1867
370 1866
371 1869
372 1868
373 1871
374 1870
375 1873
376 1872
377 1875
378 1874
379 1877
380 1876
381 1879
382 1878
383 1572
384 1733
385 1555
386 1732
387 1556
388 1731
389 1557
390 1730
391 1558
392 1729
393 1559
394 1728
395 1560
396 1727
397 1561
398 1726
399 1725
400 1724
401 1723
402 1564
403 1722
404 1565
405 1721
406 1566
407 1720
408 1567
409 1719
410 1568
411 1718
412 1569
413 1717
414 1570
415 1716
416 1562
417 1895
418 1894
419 1897
420 1896
421 1899
422 1898
423 1901
424 1900
425 1903
426 1902
427 1905
428 1904
429 1907
430 1906
431 1554
432 1571
433 1881
434 1880
435 1883
436 1882
437 1885
438 1884
439 1887
440 1886
441 1889
442 1888
443 1891
444 1890
445 1893
446 1892
447 1563
448 1742
449 1741
450 1546
451 1740
452 1547
453 1739
454 1548
455 1738
456 1549
457 1737
458 1550
459 1736
460 1551
461 1735
462 1552
463 1734
464 1751
465 1537
466 1750
467 1538
468 1749
469 1539
470 1748
471 1540
472 1747
473 1541
474 1746
475 1542
476 1745
477 1543
478 1744
479 1743
480 1553
481 1909
482 1908
483 1911
484 1910
485 1913
486 1912
487 1915
488 1914
489 1917
490 1916
491 1919
492 1918
493 1921
494 1920
495 1545
496 1544
497 1923
498 1922
499 1925
500 1924
501 1927
502 1926
503 1929
504 1928
505 1931
506 1930
507 1933
508 1932
509 1935
510 1934
511 1536
512 1257
513 1151
514 1256
515 1152
516 1255
517 1153
518 1254
519 1154
520 1253
521 1155
522 1252
523 1156
524 1251
525 1157
526 1250
527 1249
528 1248
529 1247
530 1160
531 1246
532 1161
533 1245
534 1162
535 1244
536 1163
537 1243
538 1164
539 1242
540 1165
541 1241
542 1166
543 1240
544 1158
545 1520
546 1521
547 1518
548 1519
549 1516
550 1517
551 1514
552 1515
553 1512
554 1513
555 1510
556 1511
557 1508
558 1509
559 1150
560 1167
561 1534
562 1535
563 1532
564 1533
565 1530
566 1531
567 1528
568 1529
569 1526
570 1527
571 1524
572 1525
573 1522
574 1523
575 1159
576 1266
577 1265
578 1142
579 1264
580 1143
581 1263
582 1144
583 1262
584 1145
585 1261
586 1146
587 1260
588 1147
589 1259
590 1148
591 1258
592 1275
593 1133
594 1274
595 1134
596 1273
597 1135
598 1272
599 1136
600 1271
601 1137
602 1270
603 1138
604 1269
605 1139
606 1268
607 1267
608 1149
609 1506
610 1507
611 1504
612 1505
613 1502
614 1503
615 1500
616 1501
617 1498
618 1499
619 1496
620 1497
621 1494
622 1495
623 1141
624 1140
625 1492
626 1493
627 1490
628 1491
629 1488
630 1489
631 1486
632 1487
633 1484
634 1485
635 1482
636 1483
637 1480
638 1481
639 1132
640 1293
641 1115
642 1292
643 1116
644 1291
645 1117
646 1290
647 1118
648 1289
649 1119
650 1288
651 1120
652 1287
653 1121
654 1286
655 1285
656 1284
657 1283
658 1124
659 1282
660 1125
661 1281
662 1126
663 1280
664 1127
665 1279
666 1128
667 1278
668 1129
669 1277
670 1130
671 1276
672 1122
673 1464
674 1465
675 1462
676 1463
677 1460
678 1461
679 1458
680 1459
681 1456
682 1457
683 1454
684 1455
685 1452
686 1453
687 1114
688 1131
689 1478
690 1479
691 1476
692 1477
693 1474
694 1475
695 1472
696 1473
697 1470
698 1471
699 1468
700 1469
701 1466
702 1467
703 1123
704 1302
705 1301
706 1106
707 1300
708 1107
709 1299
710 1108
711 1298
712 1109
713 1297
714 1110
715 1296
716 1111
717 1295
718 1112
719 1294
720 1311
721 1097
722 1310
723 1098
724 1309
725 1099
726 1308
727 1100
728 1307
729 1101
730 1306
731 1102
732 1305
733 1103
734 1304
735 1303
736 1113
737 1450
738 1451
739 1448
740 1449
741 1446
742 1447
743 1444
744 1445
745 1442
746 1443
747 1440
748 1441
749 1438
750 1439
751 1105
752 1104
753 1436
754 1437
755 1434
756 1435
757 1432
758 1433
759 1430
760 1431
761 1428
762 1429
763 1426
764 1427
765 1424
766 1425
767 1096
768 1185
769 1079
770 1184
771 1080
772 1183
773 1081
774 1182
775 1082
776 1181
777 1083
778 1180
779 1084
780 1179
781 1085
782 1178
783 1177
784 1176
785 1175
786 1088
787 1174
788 1089
789 1173
790 1090
791 1172
792 1091
793 1171
794 1092
795 1170
796 1093
797 1169
798 1094
799 1168
800 1086
801 1327
802 1326
803 1329
804 1328
805 1331
806 1330
807 1333
808 1332
809 1335
810 1334
811 1337
812 1336
813 1339
814 1338
815 1078
816 1095
817 1313
818 1312
819 1315
820 1314
821 1317
822 1316
823 1319
824 1318
825 1321
826 1320
827 1323
828 1322
829 1325
830 1324
831 1087
832 1194
833 1193
834 1070
835 1192
836 1071
837 1191
838 1072
839 1190
840 1073
841 1189
842 1074
843 1188
844 1075
845 1187
846 1076
847 1186
848 1203
849 1061
850 1202
851 1062
852 1201
853 1063
854 1200
855 1064
856 1199
857 1065
858 1198
859 1066
860 1197
861 1067
862 1196
863 1195
864 1077
865 1341
866 1340
867 1343
868 1342
869 1345
870 1344
871 1347
872 1346
873 1349
874 1348
875 1351
876 1350
877 1353
878 1352
879 1069
880 1068
881 1355
882 1354
883 1357
884 1356
885 1359
886 1358
887 1361
888 1360
889 1363
890 1362
891 1365
892 1364
893 1367
894 1366
895 1060
896 1221
897 1043
898 1220
899 1044
900 1219
901 1045
902 1218
903 1046
904 1217
905 1047
906 1216
907 1048
908 1215
909 1049
910 1214
911 1213
912 1212
913 1211
914 1052
915 1210
916 1053
917 1209
918 1054
919 1208
920 1055
921 1207
922 1056
923 1206
924 1057
925 1205
926 1058
927 1204
928 1050
929 1383
930 1382
931 1385
932 1384
933 1387
934 1386
935 1389
936 1388
937 1391
938 1390
939 1393
940 1392
941 1395
942 1394
943 1042
944 1059
945 1369
946 1368
947 1371
948 1370
949 1373
950 1372
951 1375
952 1374
953 1377
954 1376
955 1379
956 1378
957 1381
958 1380
959 1051
960 1230
961 1229
962 1034
963 1228
964 1035
965 1227
966 1036
967 1226
968 1037
969 1225
970 1038
971 1224
972 1039
973 1223
974 1040
975 1222
976 1239
977 1025
978 1238
979 1026
980 1237
981 1027
982 1236
983 1028
984 1235
985 1029
986 1234
987 1030
988 1233
989 1031
990 1232
991 1231
992 1041
993 1397
994 1396
995 1399
996 1398
997 1401
998 1400
999 1403
1000 1402
1001 1405
1002 1404
1003 1407
1004 1406
1005 1409
1006 1408
1007 1033
1008 1032
1009 1411
1010 1410
1011 1413
1012 1412
1013 1415
1014 1414
1015 1417
1016 1416
1017 1419
1018 1418
1019 1421
1020 1420
1021 1423
1022 1422
1023 1024
1024 233
1025 127
1026 232
1027 128
1028 231
1029 129
1030 230
1031 130
1032 229
1033 131
1034 228
1035 132
1036 227
1037 133
1038 226
1039 225
1040 224
1041 223
1042 136
1043 222
1044 137
1045 221
1046 138
1047 220
1048 139
1049 219
1050 140
1051 218
1052 141
1053 217
1054 142
1055 216
1056 134
1057 496
1058 497
1059 494
1060 495
1061 492
1062 493
1063 490
1064 491
1065 488
1066 489
1067 486
1068 487
1069 484
1070 485
1071 126
1072 143
1073 510
1074 511
1075 508
1076 509
1077 506
1078 507
1079 504
1080 505
1081 502
1082 503
1083 500
1084 501
1085 498
1086 499
1087 135
1088 242
1089 241
1090 118
1091 240
1092 119
1093 239
1094 120
1095 238
1096 121
1097 237
1098 122
1099 236
1100 123
1101 235
1102 124
1103 234
1104 251
1105 109
1106 250
1107 110
1108 249
1109 111
1110 248
1111 112
1112 247
1113 113
1114 246
1115 114
1116 245
1117 115
1118 244
1119 243
1120 125
1121 482
1122 483
1123 480
1124 481
1125 478
1126 479
1127 476
1128 477
1129 474
1130 475
1131 472
1132 473
1133 470
1134 471
1135 117
1136 116
1137 468
1138 469
1139 466
1140 467
1141 464
1142 465
1143 462
1144 463
1145 460
1146 461
1147 458
1148 459
1149 456
1150 457
1151 108
1152 269
1153 91
1154 268
1155 92
1156 267
1157 93
1158 266
1159 94
1160 265
1161 95
1162 264
1163 96
1164 263
1165 97
1166 262
1167 261
1168 260
1169 259
1170 100
1171 258
1172 101
1173 257
1174 102
1175 256
1176 103
1177 255
1178 104
1179 254
1180 105
1181 253
1182 106
1183 252
1184 98
1185 440
1186 441
1187 438
1188 439
1189 436
1190 437
1191 434
1192 435
1193 432
1194 433
1195 430
1196 431
1197 428
1198 429
1199 90
1200 107
1201 454
1202 455
1203 452
1204 453
1205 450
1206 451
1207 448
1208 449
1209 446
1210 447
1211 444
1212 445
1213 442
1214 443
1215 99
1216 278
1217 277
1218 82
1219 276
1220 83
1221 275
1222 84
1223 274
1224 85
1225 273
1226 86
1227 272
1228 87
1229 271
1230 88
1231 270
1232 287
1233 73
1234 286
1235 74
1236 285
1237 75
1238 284
1239 76
1240 283
1241 77
1242 282
1243 78
1244 281
1245 79
1246 280
1247 279
1248 89
1249 426
1250 427
1251 424
1252 425
1253 422
1254 423
1255 420
1256 421
1257 418
1258 419
1259 416
1260 417
1261 414
1262 415
1263 81
1264 80
1265 412
1266 413
1267 410
1268 411
1269 408
1270 409
1271 406
1272 407
1273 404
1274 405
1275 402
1276 403
1277 400
1278 401
1279 72
1280 161
1281 55
1282 160
1283 56
1284 159
1285 57
1286 158
1287 58
1288 157
1289 59
1290 156
1291 60
1292 155
1293 61
1294 154
1295 153
1296 152
1297 151
1298 64
1299 150
1300 65
1301 149
1302 66
1303 148
1304 67
1305 147
1306 68
1307 146
1308 69
1309 145
1310 70
1311 144
1312 62
1313 303
1314 302
1315 305
1316 304
1317 307
1318 306
1319 309
1320 308
1321 311
1322 310
1323 313
1324 312
1325 315
1326 314
1327 54
1328 71
1329 289
1330 288
1331 291
1332 290
1333 293
1334 292
1335 295
1336 294
1337 297
1338 296
1339 299
1340 298
1341 301
1342 300
1343 63
1344 170
1345 169
1346 46
1347 168
1348 47
1349 167
1350 48
1351 166
1352 49
1353 165
1354 50
1355 164
1356 51
1357 163
1358 52
1359 162
1360 179
1361 37
1362 178
1363 38
1364 177
1365 39
1366 176
1367 40
1368 175
1369 41
1370 174
1371 42
1372 173
1373 43
1374 172
1375 171
1376 53
1377 317
1378 316
1379 319
1380 318
1381 321
1382 320
1383 323
1384 322
1385 325
1386 324
1387 327
1388 326
1389 329
1390 328
1391 45
1392 44
1393 331
1394 330
1395 333
1396 332
1397 335
1398 334
1399 337
1400 336
1401 339
1402 338
1403 341
1404 340
1405 343
1406 342
1407 36
1408 197
1409 19
1410 196
1411 20
1412 195
1413 21
1414 194
1415 22
1416 193
1417 23
1418 192
1419 24
1420 191
1421 25
1422 190
1423 189
1424 188
1425 187
1426 28
1427 186
1428 29
1429 185
1430 30
1431 184
1432 31
1433 183
1434 32
1435 182
1436 33
1437 181
1438 34
1439 180
1440 26
1441 359
1442 358
1443 361
1444 360
1445 363
1446 362
1447 365
1448 364
1449 367
1450 366
1451 369
1452 368
1453 371
1454 370
1455 18
1456 35
1457 345
1458 344
1459 347
1460 346
1461 349
1462 348
1463 351
1464 350
1465 353
1466 352
1467 355
1468 354
1469 357
1470 356
1471 27
1472 206
1473 205
1474 10
1475 204
1476 11
1477 203
1478 12
1479 202
1480 13
1481 201
1482 14
1483 200
1484 15
1485 199
1486 16
1487 198
1488 215
1489 1
1490 214
1491 2
1492 213
1493 3
1494 212
1495 4
1496 211
1497 5
1498 210
1499 6
1500 209
1501 7
1502 208
1503 207
1504 17
1505 373
1506 372
1507 375
1508 374
1509 377
1510 376
1511 379
1512 378
1513 381
1514 380
1515 383
1516 382
1517 385
1518 384
1519 9
1520 8
1521 387
1522 386
1523 389
1524 388
1525 391
1526 390
1527 393
1528 392
1529 395
1530 394
1531 397
1532 396
1533 399
1534 398
1535 0
1536 745
1537 639
1538 744
1539 640
1540 743
1541 641
1542 742
1543 642
1544 741
1545 643
1546 740
1547 644
1548 739
1549 645
1550 738
1551 737
1552 736
1553 735
1554 648
1555 734
1556 649
1557 733
1558 650
1559 732
1560 651
1561 731
1562 652
1563 730
1564 653
1565 729
1566 654
1567 728
1568 646
1569 927
1570 926
1571 929
1572 928
1573 931
1574 930
1575 933
1576 932
1577 935
1578 934
1579 937
1580 936
1581 939
1582 938
1583 638
1584 655
1585 913
1586 912
1587 915
1588 914
1589 917
1590 916
1591 919
1592 918
1593 921
1594 920
1595 923
1596 922
1597 925
1598 924
1599 647
1600 754
1601 753
1602 630
1603 752
1604 631
1605 751
1606 632
1607 750
1608 633
1609 749
1610 634
1611 748
1612 635
1613 747
1614 636
1615 746
1616 763
1617 621
1618 762
1619 622
1620 761
1621 623
1622 760
1623 624
1624 759
1625 625
1626 758
1627 626
1628 757
1629 627
1630 756
1631 755
1632 637
1633 941
1634 940
1635 943
1636 942
1637 945
1638 944
1639 947
1640 946
1641 949
1642 948
1643 951
1644 950
1645 953
1646 952
1647 629
1648 628
1649 955
1650 954
1651 957
1652 956
1653 959
1654 958
1655 961
1656 960
1657 963
1658 962
1659 965
1660 964
1661 967
1662 966
1663 620
1664 781
1665 603
1666 780
1667 604
1668 779
1669 605
1670 778
1671 606
1672 777
1673 607
1674 776
1675 608
1676 775
1677 609
1678 774
1679 773
1680 772
1681 771
1682 612
1683 770
1684 613
1685 769
1686 614
1687 768
1688 615
1689 767
1690 616
1691 766
1692 617
1693 765
1694 618
1695 764
1696 610
1697 983
1698 982
1699 985
1700 984
1701 987
1702 986
1703 989
1704 988
1705 991
1706 990
1707 993
1708 992
1709 995
1710 994
1711 602
1712 619
1713 969
1714 968
1715 971
1716 970
1717 973
1718 972
1719 975
1720 974
1721 977
1722 976
1723 979
1724 978
1725 981
1726 980
1727 611
1728 790
1729 789
1730 594
1731 788
1732 595
1733 787
1734 596
1735 786
1736 597
1737 785
1738 598
1739 784
1740 599
1741 783
1742 600
1743 782
1744 799
1745 585
1746 798
1747 586
1748 797
1749 587
1750 796
1751 588
1752 795
1753 589
1754 794
1755 590
1756 793
1757 591
1758 792
1759 791
1760 601
1761 997
1762 996
1763 999
1764 998
1765 1001
1766 1000
1767 1003
1768 1002
1769 1005
1770 1004
1771 1007
1772 1006
1773 1009
1774 1008
1775 593
1776 592
1777 1011
1778 1010
1779 1013
1780 1012
1781 1015
1782 1014
1783 1017
1784 1016
1785 1019
1786 1018
1787 1021
1788 1020
1789 1023
1790 1022
1791 584
1792 673
1793 567
1794 672
1795 568
1796 671
1797 569
1798 670
1799 570
1800 669
1801 571
1802 668
1803 572
1804 667
1805 573
1806 666
1807 665
1808 664
1809 663
1810 576
1811 662
1812 577
1813 661
1814 578
1815 660
1816 579
1817 659
1818 580
1819 658
1820 581
1821 657
1822 582
1823 656
1824 574
1825 896
1826 897
1827 894
1828 895
1829 892
1830 893
1831 890
1832 891
1833 888
1834 889
1835 886
1836 887
1837 884
1838 885
1839 566
1840 583
1841 910
1842 911
1843 908
1844 909
1845 906
1846 907
1847 904
1848 905
1849 902
1850 903
1851 900
1852 901
1853 898
1854 899
1855 575
1856 682
1857 681
1858 558
1859 680
1860 559
1861 679
1862 560
1863 678
1864 561
1865 677
1866 562
1867 676
1868 563
1869 675
1870 564
1871 674
1872 691
1873 549
1874 690
1875 550
1876 689
1877 551
1878 688
1879 552
1880 687
1881 553
1882 686
1883 554
1884 685
1885 555
1886 684
1887 683
1888 565
1889 882
1890 883
1891 880
1892 881
1893 878
1894 879
1895 876
1896 877
1897 874
1898 875
1899 872
1900 873
1901 870
1902 871
1903 557
1904 556
1905 868
1906 869
1907 866
1908 867
1909 864
1910 865
1911 862
1912 863
1913 860
1914 861
1915 858
1916 859
1917 856
1918 857
1919 548
1920 709
1921 531
1922 708
1923 532
1924 707
1925 533
1926 706
1927 534
1928 705
1929 535
1930 704
1931 536
1932 703
1933 537
1934 702
1935 701
1936 700
1937 699
1938 540
1939 698
1940 541
1941 697
1942 542
1943 696
1944 543
1945 695
1946 544
1947 694
1948 545
1949 693
1950 546
1951 692
1952 538
1953 840
1954 841
1955 838
1956 839
1957 836
1958 837
1959 834
1960 835
1961 832
1962 833
1963 830
1964 831
1965 828
1966 829
1967 530
1968 547
1969 854
1970 855
1971 852
1972 853
1973 850
1974 851
1975 848
1976 849
1977 846
1978 847
1979 844
1980 845
1981 842
1982 843
1983 539
1984 718
1985 717
1986 522
1987 716
1988 523
1989 715
1990 524
1991 714
1992 525
1993 713
1994 526
1995 712
1996 527
1997 711
1998 528
1999 710
2000 727
2001 513
2002 726
2003 514
2004 725
2005 515
2006 724
2007 516
2008 723
2009 517
2010 722
2011 518
2012 721
2013 519
2014 720
2015 719
2016 529
2017 826
2018 827
2019 824
2020 825
2021 822
2022 823
2023 820
2024 821
2025 818
2026 819
2027 816
2028 817
2029 814
2030 815
2031 521
2032 520
2033 812
2034 813
2035 810
2036 811
2037 808
2038 809
2039 806
2040 807
2041 804
2042 805
2043 802
2044 803
2045 800
2046 801
2047 512
